#steffi_graph.py -n 100 -o ../pythonpdevs/examples/sir/grafo_grande
# GMT Mon Apr 29 18:43:48 2019
# 
0 33 69 43 16 51 37
1 35 8 10 13 14 79 40 19 59 95
2 97 34 3 8 75 79 79 81 20 55 52 93 30 31
3 35 5 71 76 14 50 22 55 58 28
4 96 98 98 35 6 9 74 81 18 56 57 26 93 30
5 17 43 81 82 19 19 20 57 59 93
6 70 47 85 86 15
7 64 67 68 37 39 76 13 79 18 57 57 91 61
8 73 43 98 16 24
9 39 71 76 83 86 57 60
10 96 17 86 56 90 27 94
11 57 82 36 30 95
12 65 34 99 82 13 77 50 58 79
13 45 46 79 22 94
14 64 33 29 48 17 35 84 53 87 89 92 61
15 33 79 18 87 26 31 95
16 68 70 73 46 52 55 60
17 97 67 69 24 18 88 27
18 45 58 61 62
19 35 35 71 48 83 83 26 26 60 61
20 49 40 41 66 79 81 84 26 26 93 93
21 34 70 70 74 80 85 54 55
22 66 43 52 61 63
23 32 54 46 80 53 86
24 43 54 57 29
25 73 44 28 79
26 59 37 30 43 62 27 61 94 94
27 36 40 53 87 68 58 63 30 95
28 67 70 73 44 77 82 88 59 28 30 31
29 32 70 72 43 76 79 49 63
30 32 33 78 81 82 82 54
31 34 68 69 47 45 51 90 91
32 96 37 48 49 50 83 84
33 67 69 82 84
34 66 35 38 44 45 79 79 49 50 95
35 98 73 42 66 66 45 99 87 60 94 63
36 96 40 49 88 92
37 68 55 61
38 91 81 59 73
39 70 70 46 85 54
40 97 41 78 87
41 49 57 88 84 61
42 65 93 46
43 97 73 74 43 76 48 48 50 91 92
44 49 75 81 81 58 95
45 97 68 70 71 72 95 79 79 49 99 47
46 50 84 58 91
47 97 68 79 59
48 96 96 91 60
49 65 61 84 85 86 86 57 92
50 84 55 88
51 69 70 76 89 61 94
52 70 74 58 58
53 69 92 62
54 96 65 69 69 57
55 67 71 55 84 87
56 72 81 83 86 57
57 68 70 59
58 89
59 99 97 60 63
60 65 62
61 65 67 75 88
62 96 68 76 79 90 93
63 98 66 89
64
65 67 68 71 92 84 88 89 91 91
66 72
67 97 84 71
68 71 93
69 98 79 83 84
70 75 78 87 85
71 96 80 89 95
72
73 96 84 89 95 95
74 96 98 81 87 88
75 96 78 94
76 97
77 88 84
78 99 99 82 84
79 94
80 99
81 90 93
82 99 95
83 92
84 96 99 92
85
86 93
87
88
89
90
91
92
93 98
94 99
95
96
97
98
99
