#steffi_graph.py -n 500 -o ../pythonpdevs/examples/sir/grafo_muy_grande
# GMT Mon Apr 29 21:17:06 2019
# 
0 9 74 492 367 16 49 373 214 408 92
1 323 327 268 238 401 371 471 286 447
2 107 129 275 137 9
3 352 387 100 326 299 204 499 246 324
4 329 278 478 478 375
5 448 146 430 210 302 190
6 290 356 232 459 136 307 309 30
7 224 257 226 103 303 222 278 25 190 191
8 259 165 455 348 171 112 369 370 215 248 409 28
9 418 357 38 422 396 10 44 241 20 86 169 26 42 30
10 49 110 497 370 310 318 287
11 64 68 108 403 277 57 408 25
12 283 356 69 455 169 362 362 301 461 368 342 249 495 92 413
13 260 294 140 245 23 120 250 415 255
14 192 195 42 77 56 249
15 22 204 464 276 406 88 217 101
16 160 35 294 265 458 139 301 494 47 83 149 410 29
17 66 191 242 303
18 68 101 60 330 149 425 284 309
19 97 325 486 80 248 54 247 184 378 27
20 67 100 167 425 434 239 370 245 310 87 260 154 124
21 299 403 179 158 215
22 245 453 168 469 191
23 323 388 364 77 78 118
24 328 458 44 360 82 468 53 182
25 163 74 205 366 239 304 472 51 53 440 185 314 447
26 389 422 364 48 435 308
27 112 102 204 74 300 144 145 140 372 405
28 161 482 369 237 238 79 296 178 83 117 378 59 159
29 484 455 267 143 371 286
30 100 359 398 240 307 441
31 250 238 351
32 281 98 75 108 437
33 161 162 427 484 423 394 203 385 369 243 139 89 409 445 287
34 230 263 107 107 274 463 146 88 249 59 222
35 290 196 293 425 108 47 58 121 474 271 250
36 418 261 199 204 401 52 245 248 345 477 223
37 66 72 266 204 269 250 382
38 257 68 298 274 344 475 189
39 384 164 147 71 426 460 369 243 185 474 316 394 414
40 74 211 364
41 160 130 259 388 136 367 85 343 89 415
42 114 262 362 109 498 498 51 212 215 408 146
43 457 100 135
44 131 389 387 334 400 209 339 468 478 219 414
45 69 295 425 139 237 115 407 410 315 380 62
46 456 427 112 433 309 412
47 128 420 389 136 272 83 187 380 125 223
48 482 491 397 418 211 340 310 120 315
49 449 194 67 103 174 183
50 98 195 263 392 92 103 460 443 145 338 319 60 221 286 479
51 226 339 344 319
52 420 297 138 299 268 464 180 479
53 160 227 228 267 146 435 372 469 475
54 482 454 72 299 333 174 213 314 317 254
55 70 487 328 169 138 204 312 410 443 159
56 133 102 198 231 265 170 432 210 117 247 250 373
57 321 391 394 140 334 342 471 88 281 346 251
58 160 439 75 428 398 307 405 374 151 344 217 59 126
59 97 390 364 270 400 366 406 283 186 414
60 82 156
61 64 448 66 163 453 265 466 339 249 377 179 380 380 125
62 64 416 130 484 422 166 96 339 311 306 467 406 439 127 102 318 101
63 181 101 102 263 204 325 334 463 210 245 471 284 253 382 191
64 101 231 143 221 80 209 467 154 123
65 345 110 413 77 325
66 97 294 391 266 403 318
67 129 69 112 469 441 316
68 320 328 424 112 433 210 340 85 375 122
69 160 72 490 75 377 472 345 283
70 355 453 237 307 118 311 133
71 281 175
72 234 236 402 120
73 199 201 205 334 158 222 223
74 489 467
75 80 356 391 380 138 111 208 273 210 120 443 444
76 194 323 209 329 496 337 307 341 214 351 316 447
77 453 486 331 142 337 114 276 311 378 348 442
78 107 133 134 428 204 465 185 153 122 348 479
79 134 233 461 114 182
80 105 170 205 207 244 181 463 90 379 222 479
81 216 120 493 441 335
82 293 454 110 240 85 348 92 318
83 480 104 174 351
84 289 178 293 94
85 385 97 93 136 234 484 174 111 311 441 445
86 91 175 435 431 214 457 249 250 239 476
87 480 420 230 406 119 292
88 129 297 418 429 494 89 463
89 451 341 107 110 483 309 415 437 437
90 133 295 426 365 431
91 323 294 295 171 212 121
92 228 422 360 111 452 205 127
93 416 134 422 268 271 273 307 405 184 190
94 457 426 240 210 179 281 202 394
95 390 167 137 237 144 120 410 223
96 236 428 189 145
97 225 390 247
98 129 451 426 238 245 471 202
99 483 394 467 497 131 382
100 352 451 452 166 426 107 397 240 190 216 340
101 264 490 490 332 304 239
102 480 213 419 329 363 364 144 342 189 414
103 174 305 152 187
104 483 456 238 207 208 433 277 440 252 157 126 255
105 163 228 433 109 270 397 241 174 188 382
106 326 231 361 330 371 172 433 434 499 489 251 251
107 322 423 362 492 334 370 258 216 442 349 250
108 331 496 471 218 348 446
109 262 216 437 169 312 249 219 318
110 195 167 456 210 363 269 405 118 186 444
111 160 289 389 462 400 407 221 318
112 423 425 149
113 384 466 387 204 335
114 354 421 177 426 208 305 341 280 152
115 489 429 186 347 317
116 384 216 163 325 360
117 264 492 475 157
118 353 325 136 139 461 360 360 309 286
119 359 200 171 332 430 488 142 186 445
120 279 313 249 381
121 361 397 463 436 220 477
122 352 132 445 215 221
123 135 143 465 407 379
124 232 124 206 143 414 430 156 350 361
125 390 170 461 402 301 443 157 159
126 203 324 298 331 323 279 314
127 129 354 486 263 188 463 148 184
128 481 264 172 141 144 392 180 375
129 288 225 164 167 490 462 208 337 163 439
130 482 325 322 496 275 245
131 480 229 177 282 283 190 191
132 225 483 261 246 296 284 175 368 470 188 222
133 237 289 354 419 293 359 298 332 322 205 371 246 190
134 475 453 146 241 434 277 342 367 181
135 453 138 246 197
136 160 419 424 333 278 429
137 353 451 207 304 372 189 223
138 482 453 238 270 243 149
139 323 484 325 166 236 369 280 377 189 158 485
140 333 371 437 470
141 226 485 275 442 252 261
142 192 323 345 410
143 227 147 374 401 295 253 497 179 495 406 345 441
144 482 323 428 337 377
145 290 421 487 364 365 368 147
146 492 440 283 476
147 386 292 299 466 468 221
148 289 454 486 357 394 236 237 206 182 312 476 222
149 193 389 460 401 308 440
150 289 330 404
151 162 241 300 461 209 471 218 350 351
152 458 396 245 214 190 351
153 384 361 466 431 432 432 274 308 472
154 289 296 490 172 335 337 340 248 409 315
155 259 326 178 404 310 375
156 492 366 314 159
157 387 356 393 403 343
158 256 299 263 202 218
159 375 304 338 338 314 315 476
160 363 406 375
161 388 263 268 460 402 375 344 186 219
162 320 163 391 235 336 315
163 276 455 489 362 300 408 185 476 389
164 235 164 221
165 321 290 295 396 494 207 304 273 472 250 317
166 309 499
167 386 203 494
168 417 355 377 316 285
169 288 233 179 244 374
170 259 395 333 178 184 412
171 325 422 330 493 206 369 351
172 347 332 396 494 278 443
173 308 326 391 301 212 216 217 347 220
174 290 407 407 229 455 421 397 431 240 401 242 439 197
175 357 406 248 473 440 409 182
176 452 406 231 470 409 374 221 250
177 322 484 421 230 393 270 367 180
178 429 245 438 216 441 287
179 296 394
180 326 489 236 205 367 336 247 249 468 446 287
181 290 228 230 201 208 273 466 339 217 221
182 323 260 360 355 245 186
183 260 434 460
184 322 487 437 403 205 335 308 373 361 249 190
185 265 336 374 255
186 256 290 291 356 457 202 210 361
187 375 264 215 403 343
188 368 489
189 375 438 233 265 293
190 291 198 360 273 334 313 282 254
191 327 423 430 408 243 248 281
192 481 226 488 235 308 248 217 319
193 376 307 276 359
194 411 307
195 355 328 497 314
196 288 258 324 494 496
197 448 261 207 241 213 375 447
198 198 262 422 455 430 401 253 350 255
199 360 398 496 244 412 285
200 359 353 223 478
201 434 259 236
202 495 275 308 340
203 353 395 204
204 281 390 269 308 248 441 284 221 287
205 492 369 472
206 491 391 274 342 344 244 346 319
207 373 436 309
208 482 360 265 369 282
209 489 343 237 309 413 351
210 337 392 401 467 469 406 220 220 218
211 266 453 350
212 256 453 300 277 311
213 419 455 428 397 335
214 354 394 395 386
215 385 323 269 401 274 343 410 245
216 449 491 455 338 375 437 407 253 318
217 263 490 237 307 407 234
218 295 232 394 338
219 418 467 340 404 250 478
220 370 419 389 265 444
221
222 288 263 464
223 450 390 275 438 312 284 329 351
224 417 356 458 366 336
225 458 298 268 442 285
226 487 367 369 468 446
227 290 490 333 238 496 440 373
228 457 236 371 407
229 327 436 277 249 250
230 487 264 367 372 471 283
231 484 233 234 299 332 472 243 324
232 449 294 289 270 243 379
233 451 421 474 318
234 407
235 369 397 305 245 349
236 459 362 301 302
237 354 324 329 364 344 441 283
238 292 261 487 336 317
239 354 411
240 242 274 340 472 447 447
241 353 354 333 273 297 244 313 318
242 453 397 430 335 433 444 479
243 298 397 378
244 292 396 246 408 446 446
245 448 452 294 453 370 403 437 379
246 416 449 260 328 304 371 255
247 263 302 400 337 306 406
248 406 388 319 380
249 269 383
250 452 421 301 499 406 345
251 252 311 420
252 401 274 347 415
253 356 391 437 310 484 446
254 258 466 378 348 413
255 387 295 496 406 316
256 433 274
257 288 386 297 397 377 415
258 289 329 367 371 376 281 317
259 354 265 428 309 278 412 285
260 428 333 319
261 388 453 263
262
263 321 301 269 381
264 341 281 410 284 318
265 288 356 481 266 363 460 446
266 336 475
267 312 317 271
268 483 329 492 438
269 299 403 316 286
270 389 278
271 324 325 431 459
272 458 422
273 389 364 338 317 287
274 466 438 438 475
275 420 336 283
276 451 422 341 473 347 349
277 359 297 287
278 486 483
279 418 314 411 442
280 299 465 403 377 443 382
281 354 407 476 349 351
282 292 329 426 427 447
283 416 288 484 284 334 420 380
284 290 388 453 406 442
285 355 367
286 422 348 460 370 377 377 444
287 292 391 373 406
288 322 489 361
289 295 471 290 409
290 330 396 400 307 362
291 459 461 499 409
292 428 341 312 437
293 294 391 343 408
294 443 423 393 431 367
295 417 390 402
296 357 365 493 305 311 388
297 320 419 357 382
298 321 338
299 420 454 488 370 341 374 316 373
300 482 419 312 347 317
301 354 397 446
302 359 394 337 498 439 485 415 351
303 418 325 326 369 454 435 309 477
304 376 481 369 370 472
305 451 371 447
306 414
307 451 364 467 415 316 351
308 430 337 378
309 352 424 490 411 355 412
310 311
311 414
312 323 429
313 457 491 371 404 406 479 382 447
314 482 454 498
315 365
316 491 427 407 344 473 413
317
318 344 392 338 373 473
319 491 407
320 347 378
321 422 432 470 377 412
322 487 457 493 430 393
323 375 435 474
324 362 401 434 438 343
325 490 465
326 471 442
327 452 394 331 368 444
328 386 370
329 419 466
330 448 353 417 436 374
331 396 401 407 408 348
332 426 375 375 445
333 459 406 446
334 451 420 358 390 424 492 340 345
335
336 353 499
337 398 401 413
338 386 453 369 382 412 474 389
339 482 339
340 481 453 346 380
341 384 379 431 475 447
342 359 381
343 368
344 384
345 466 403 349
346 402 436 469 447
347 454 393
348
349
350 401 406
351 427 420 359 438
352 368 379
353 482 452 354 426
354 455 489 432 407
355 433 414 477 382
356 454 486 394 430 475 414
357 486 470 378
358 410 453
359 370
360 416 459 428 441 447
361 457
362 488 467 407
363 396 372 477
364 396 439 446
365 489 477 410 414
366 416 380 495
367 448 391 368
368 486 436
369 461 476
370 427 436
371 384 452
372 464 498 376 437
373 480 453 429 438
374 413
375 377
376 464 455
377 420 485 465 438
378 482 490 464 445
379 484 455 426 429
380 395
381 385
382 468 410 478
383 422 431
384
385 490
386 487 487 492 465
387 445
388 433 446
389
390 485 457 394 399 399
391 416 493 425 458 488 482 411
392 466
393 427 463
394 456
395 437
396 486 434
397 458 438
398 496 469
399 453
400 487 457 429
401
402 439 473
403 460
404
405 492 467 478
406 455 460
407 415
408
409 438
410 490
411 422 423
412 464
413 456 497 468
414 459 462
415 416
416 438 473
417 456
418
419 457 458 424 435
420 433
421 454 495
422 483 430
423
424 477
425 460
426
427
428
429 457
430
431 451
432
433
434 437
435
436
437 481 443
438 498
439 484 486
440 484
441 465 498 468
442
443 455 470
444
445 493
446 447
447
448
449
450 488 484
451 457 482
452
453 461
454
455 460
456 461
457
458 477
459
460
461
462
463 490
464 484 477
465
466
467
468
469
470
471 496
472
473
474 478
475
476
477
478 491
479
480
481 496
482
483
484
485
486
487
488 489
489
490
491
492
493
494 498
495
496
497
498
499
