0 147 244
1 137 175 165 351
2 300 34 124 310 287
3 161 77 454
4 354 220 198 487
5 464 35 486
6 450 340 165 135 119 15 255 109 30 351
7 144 114 195 92 109
8 421 310 313 425 299 182 223
9 136 497 114 405
10 208 433 484 421
11 389 317 175
12 352 50 182 327 425 316
13 472 52 134 24 57 220 79
14 354 51 314 251 300 218 335
15 256 18 120 252 493
16 338
17 200 227 396 414
18 136 441 372 310
19 448 56 229 391 408 170 444 293
20 496 368 137 447
21 337 478 417
22 40 379
23
24 27 388 318 390
25 121 83 158
26 146 76
27 312 437 129 473 186 172
28 186
29 235
30 352 216 338 483 39 328 329 439 429 286
31 241 181 232 458 239 174 174 447
32
33 400 432 181 296 426 299 428
34 353 211 102 391 120 459 383
35 400 292
36 384 257 404 289 68 282 63
37 309 374 151 380 46 166
38 243 293
39 248 256 384 163
40 146 436 313 216 425 254
41 264 250 219 252 277
42 177 100 69 214 173 399
43 400 307 472 155 493 143
44 385 370 259 293 65 419
45 488 51 293 358 69
46 449 467 229 499 477
47 266 148 318
48 241 270
49 458 463 479
50 256 67 259 431 495 349 255
51 475 143
52 83 186 471 407 407
53 184 161 460 205 94
54 355 442 59 205
55 240 90 487 125 223
56 83 364 207
57 345 206 110 351
58 210 186 186 454
59 408
60 424 443 493
61 435 247 309 479
62 188 450 355 300
63 83 339 325 150 148 91 175
64 499 85 105 440 137 235 317
65 212 151 124 430 159
66 96 417 344 252 349 78
67 288 121 243 412
68 321 376 281 77 461
69 128 339 454 249 409 346 314 350
70 345 162 137
71 331 406 198 223
72 227 148 351
73 395 116
74 194 346 74 422
75 370 174
76 419
77 355 280 217 219
78 193 147 340 328 466 478
79 472 330 443 207
80 320 117 343
81 208 402 245 377 190 398 127
82 294
83 372 161 280
84 239 415 373 293
85 281 475 237 230
86 232 404 360 107 221 237
87 400 373 373 182 159 270 175
88 344 149 326 159
89 89 476
90 126 150
91
92 303 340
93 408 492 126
94 337 301
95 105 363 476 318 193
96 416 433 148 358 440 170 380 285
97 464 177 498 116 262 129 271
98 321 468 278 283 444 286
99 448 152 138 306
100 428 499 268 481
101 137 235 451
102 196 461 215
103 464 449 211 433 247
104 128 129 243 174 134 113 256
105 471 168 346 396
106 146 243 229 327
107 400 374 410 379 412 362
108 396 252 254
109 313 155 117 117
110 352 389 142
111 264 283 395 207
112 496 242 291 356 124 317 207
113 299 372 223
114 130 387 420 406 361 494
115 128 409 354 420 301
116 161 417 442 183
117 295 235 206 493 241 210 117 278 248 218
118 160 401 148 429 127 204 477 285
119 260 294 324 350
120 464 345
121 488 323 481
122 172 124
123 347 459 405 326 325
124 432 431
125 137 231 286
126 164 310 390 218 270 431 431
127 176 440 282 332 239
128 340 135 483
129 465 340 206 263 172 430 287
130 308 189
131 232 336 374 406 167
132 142
133 380 278
134 489 435 141
135 499 150 447
136 496 454
137 343 300 349
138 170
139 460 366 215
140 360 341 414
141 368 387 151 154 381
142
143 420 150 390 295 345 156 478
144 288 178 263
145 451 430
146 464 210 338 236 206
147 196 453 471 396 380 350 350
148 209 400 347
149 281 234 203
150 208 476
151 342 216 298 429 382
152 385 218 427 372
153 256 465 384 247 423 271
154 323 299 319
155 357 472 234 341
156 250 442 317
157 251
158 280 227
159 197 221 447
160 340 342 383
161 246 195 357 164 476 453
162 409 450
163 254 242 365 214
164 418 481 359 495
165 449 267 177
166 225 383 495 280 298 219 174 175
167 361 436
168 458 347
169 481 339 444
170 340 262 457 461 477
171 464
172 417 194 211 340 385 377 380
173 447
174 376 200 233
175 443 415 179 298 362
176 345
177 496 260 254
178 290 323 428
179 352 312 425 314 203 431
180 352 387 237
181 265 330 427 300
182 210 454
183 308 355 479
184 305 403 433 266 253 261
185 262
186 352 419 357 375 421
187 462 279
188 440 194 451 324 264 490 236 467 383
189 373
190 318 454 191
191 208 348 460 397 382
192
193 274 435 473 460
194 289 419
195 411 270
196 288
197 237 228 485 279 445 467
198 463 286
199 400 419
200 402 452 382
201 370 495 414 455
202 264 273 346 219 485
203 481 470 216 380 387 364 245
204 377 426
205 248 227
206 390 342 488 349 382
207 210 438 377
208 288 226 245 424
209 376
210 246 327 313
211 319
212 266 261
213 482 247 340 463
214 450 254 263 329 350
215 220 437 486
216 221
217 497 373
218
219 259 438 346
220 322
221
222 298 334 270
223 380 349
224 472 258 324
225 440 490 299 242
226 280 267
227 276
228 456 374
229 254 263
230 392 397 258 231
231 339 443 287
232 270
233 298 355 285 303
234 345 452
235 305 275 426 267 479
236 398
237 333
238
239
240 265 269 486
241 424 249 461
242 420 262 427 398
243
244 313 498 476 450
245 474 432
246 323 355 292 405 490 332 333
247 355 292 381 285 414 477
248 480 310 365
249
250 288 361
251 263 472 425 427
252 450 471 472 270 349
253 341
254 326 456
255 270 309
256 336 308
257 270 379 494 374
258
259 453 295 285
260 408
261 312 397
262 385 438 377
263 386 391 382
264 322
265 312
266 454 441 303 420
267 298 348
268 329 307
269 402 410
270 375 464 414
271 499 324
272 322 355 332 407
273 467
274 475
275 429 398
276 456 453
277 359 467 292 383
278 293 452
279 481 441 279 281 459 381 334
280 434 359
281
282 496 392
283 355 341
284 434 291 302 471
285 481 429
286 456 399
287 356 327 402
288 468
289 305
290 293 440 429 398 399
291 434
292
293
294 433 420
295 463
296 309
297 381
298 339
299 358
300 467 324 326 479
301 308 463
302
303 417
304
305
306 332 385 484
307 409 358
308 370 375
309 470
310 452 427 396
311 398
312 498 425 396
313 442 431
314 411 327
315 371 463
316 330
317 338 356
318 326 319
319
320 352 481
321 392 427
322 384 357 357 475 396 453
323 364
324 337 420 469
325
326 398
327 433 488 363 370
328 483 357 341
329 438
330 389 470
331 370
332 464 496 432 456 378 379
333
334 464 385 498 470 364
335 405
336 484
337 454
338 420 364
339 368 492 458
340 421 361 489
341 409 428
342 488
343 466 472
344 360
345 363 348
346
347 469 445
348
349 368 376
350 434 395 399
351 388 428
352 434
353 491 381 467
354 363 468
355 370
356
357 467 443
358
359 457 451
360 393 411
361 496 488 466
362 426 413 478
363 490 379 445
364
365
366
367 432 495
368 439 444
369
370 487
371 466
372 373 427
373 481
374 413 446
375
376 390
377 474
378 383
379 497 455 430
380 458 462
381 408
382 451 388 415
383 487 490
384 478
385
386 400 393 421
387 490 491
388 469 390 422 456
389
390
391
392 417 402 483 404
393
394 480 484
395 454
396 422 475
397 457
398
399
400 418 427
401
402 497
403
404
405
406
407 409
408
409 413 446
410
411
412
413
414 470
415 459
416
417
418 490 467
419 496 482 475
420
421
422 488
423 445
424
425 484 469
426
427
428 488
429
430 474
431 453 458
432
433
434 469
435
436 457 445
437
438
439 497
440 469
441
442
443 488
444
445
446
447
448 494
449 476 484
450 466
451
452
453
454 479
455
456 464 479
457
458 459
459
460 489
461
462
463
464 465
465 491
466 487
467
468
469
470 489
471
472
473
474 475
475 481 479
476
477
478
479
480
481
482 496
483
484
485
486
487 492
488
489
490
491
492
493
494
495
496 499
497
498
499
