#
# GMT Tue Jan 14 18:08:48 2020
# configuration_model 1000 nodes 3991 edges
0 50 582 425 825 367 178 823 697 283
1 865 81 529 351 27 959
2 458 683 45 781 301 246 479
3 602 835 877 418
4 801 65 430 916 924 445 63
5 801 228 806 718 688 305 916 14 791 94 319
6 672 611 261 839 968 265 593 118 983 604
7 707 134 298 49 595 451 794 426
8 323 836 685 946 20 344 27
9 642 967 220 814 725 630 346 27 412 606
10 962 86 679 488 748 142 982 477 927
11 160 993 899 33 747 75 332 462 859
12 225 642 400 604 253 318
13 257 546 72 969 808 725 151 285
14 259 774 593 433 882 771
15 640 712 141 686 968 664 186
16 641 644 301 782 365 208 946 125
17 612 837 712 821 569 281 187 287
18 135 456 429 244 695 254 95
19 673 961 359 908 270 502 124
20 452 485 76 274 818 436 548
21 609 899 964 871 823 923 255
22 785 614 86 751
23 960 226 998 232 300 394 908 237 177 214 185
24 184 246 92 77 510
25 33 803 808 235 816 368 438 634 125 414
26 916 724 941 567
27 805 70 778 877 78 879 840 63
28 146 422 615
29 707 966 777 528 306 259 855 855 505 91 671
30 480 166 488 457 494 625 469 469 286 149
31 67 868 103 371 429 429 400 594 211 180 90
32
33 864 195 894 653 592 627 990 988 605 670
34 68 420 935 971 141 621 372 441 335
35 288 401 84 583
36 792 329 899 377
37 839 648 554 908 593 570 862
38 264 780 555 972 342 311 440 825 606
39 515 260 870 423 120 291 981 216 793 666 958 287
40 321 99 132 646 935 942 207 689 882 531 52 344 57 476 927
41 715 198 939 781 112 212 598 248 349
42 834 79 401 983 986 442 286
43 769 395 461 498 245 152 668 957 734
44 608 192 390 860 779 77 48 505 857 603 956
45 929 931 357 46 467 662 504
46 865 591 369 367 980 719 284 543
47 416 993 194 718 879 146 724 438 663 655
48 568 588 342 119
49 929 386 548 359 561 338 788 442 603 381
50 955 150 359
51 100 622 623 144 631 825 826
52 869 870 75 108 529 434 251 383
53 291 209 104 938 747 433 629 668
54 289 455 329 976 689 377 893
55 898 421 902 424 330 395 108 881 275 85 755 124
56 648 193 978 259 259
57 128 933 753 744 109 238 591 680 373
58 249 930 412 941
59 832 130 262 782 976 119 93 990
60 137 121 274 678 825
61 645 390 684 652 883 278 728 154 155 733
62 356 709 166 588 626 500 632 411
63 458 172 718 143 782 887 670
64 928 993 771 946 917 119 789
65 483 842 270 753 695 121 190 447
66 581 360 653 628 152 852 319
67 135 169 331 560 638 476 350
68 290 68 235 622 175 532 501
69 737 354 230 775 968 206 596 302 474 477
70 263 525 400 473 285 303 817 185 315 956 735 711 73 336 88 345 990 607 486 629 632
71 673 775 563 718 137
72 518 520 845 122 155
73 546 291 998 744 684 806 794 862
74 513 880 597 854 761 505
75 101 617 298 942 983 506 891 990
76 578 457 910 601 218
77 707 139 461 494 211 95
78 194 489 238 146 718 280 985 126
79 644 485 903 392 915 179 924 254 767
80 930 148 869 533
81 416 803 868 562 508 221
82 672 198 251 294 486 303 913 603 156 390
83 146 203 900 893 183
84 516 235 590 122 349 126 255
85 131 836 822 244 982 548 604
86 560 709 898
87 544 646 966 809 651 428 333 774 634
88 295 103 332 532 757 796 286 959
89 881 683 284 182
90 577 197 823 272 432 433 677 887 666 221 94
91 867 900 870 522 430 893 468 874
92 805 455 427 237 686 285 989
93 672 422 934 330 277 858 894 117
94 707 728 318 965
95 844 692 725 601 440 985
96 288 354 391 999
97 155 996 552 746 591 275 405 443 606
98 361 482 739 222 377
99 802 219 940 592 786 731
100 961 809 943 689 278 670
101 803 747 421 551 554 763 280 708 667 572
102 192 546 677 136 235 109 720
103 608 297 141 398 656 945 894 541 798
104 482 849 748 207 465 701
105 419 870 316 237 349 560 883 603 156 125
106 169 693 758 505
107 357 742 360 525 334 175 232 310 183 730
108 768 453 744 682 567 814 980 149 761 373
109 193 228 225 788 630 769 253 926 703
110 772 130 308 950 758
111 450 137 938 311 653 496 213 791
112 336 720 916 873 122 605
113 578 198 167 783 190 502 572 478
114 641 484 521 365 398 909 563 318 534 425 733 798
115 642 936 204 748 467 175 624 305 499 534 475 668 861
116 784 177 490 854 209
117 491 827 299 335 210 563 884 856 571 286
118 544 226 168 140 973 893
119 649 202 375 141 465 887 831
120 420 614 555 142 626 183
121 770 805 614 232 620 307 307 853 349
122 673 322 348 587 943 151 700
123 705 232 457 428 337 245
124 313 443 412
125 746 750 335 393 701
126 450 389 810 335 148 313 441 701 351
127 993 641 777 400 152 154 861
128 258 838 599 875 844 162 174 495 787 622 887 796
129 386 195 593 143 913 914
130 419 390 488 521 459 911 757 312
131 640 268 844 624 809 856 985 220
132 234 770 484 965
133 870 423 360 211 949 694 919
134 896 166 467 367 307 857 765 927
135 642 739 428 557 525 147 852 446 729 299
136 800 937 619 302 210 821 598 859 686
137 804 293 232 811 877 148 501 729 340 805
138 162 453 623 971 559 528 952 463 860 670 799
139 293 390 297 564 969 734
140 386 675 917 826 890
141 897 520 279 655 304 762
142 291 262 937 940 307 883
143 177 330 740
144 865 259 997 956 235 174 372 489 404 346 220 318
145 330 171 878 538 636 250
146 643 779 332 530 724 152 383
147 161 997 934 167 497 722 213 891
148 260 722 617
149 903 808 426 652 499 340 566 425
150 776 960 162 621
151 940 175
152 422 653 975 369 308 885 249 731 735
153 452 647 395 335 819 758 375 830
154 417 771 456 856 412 383
155 161 328 553 234 210 659
156 620 239 500 437 300 250 495 604 830
157 673 487 165 679 297 311 845 400 946 375 632 517
158 203 572 413 591
159 704 483 932 325 967 362 942 210 499 564 516 281
160 160 961 167 713 557 568 446
161 773 552 461 657 600
162 834 451 388 679 681 459 272 531 955
163 327 328 461 278 345 218
164 673 218 539
165 230 496 466 887 255 380 925 574 959
166 993 264 381
167 324 775 591 752 627 728 559 732
168 336 995
169 961 228 687 530 324
170 826 435 492 462
171 306 925 925 342 719
172 681 778 236 237 943 409 283 842 670
173 420 297 695 908 685 877 990 311 463 862
174 194 869 200 245 475 415
175 886 716 526 500 214 954 634
176 384 452 741 454
177 608 736 908 554 428 670 463 509 318
178 992 623 914 212 921 474 827
179 298 587 877 561 916 345
180 420 688 242 725 631
181 946 389 327
182 692 260 935 427 754 691 340 726
183 864 483 453 390 359 584 303 616 889 991
184 947 278
185 549 307 663 687 401 275 761
186 864 267 597 439
187 640 227 422 220 618 878 407 219 764
188 919 392 215 782 916 951
189 466 503 500 687
190 768 417 838 745 746 748 882 477 369 978 823 818 714
191 385 997 993 948 249 892 415
192 320 609 740 202 781 242
193 897 869 714 206 335 635
194 833 770 708 229 903 712 650 725 791 505
195 835 559 536 797
196 964 775 969 202 556 431 434 932 539
197 824 458 803 636
198 646 523 895
199 801 292 279 472 731 927
200 384 523 301 593 883 413
201 280 627 342
202 376 263
203 937 461 943 981 598 757
204 875 280 531 438 440 377
205 481 900 778 912 946 787 436 894
206 806 953 890 636 230
207 966 938 815 438 541
208 488 738 696
209 273 311
210 386 468 926 373
211 708 531 537 996
212 900 875 975 847 703
213 708 966 809 239 782 527 882 950 891
214 769 769 250 710
215 258 904 472 665 570 283
216 645 617 839 621 847 345 793 445
217 459 421 555 366 438 665
218 865 227
219 608 944 467
220 872 925 989 238 271 816 886 346 253 751
221 353 450 995 345 447
222 795 527 237 407
223 408 897 834 550
224 873 394 973 878 666 699 732 414
225 238
226 803 518 230 603
227 960 455 777 938 297 954 330
228 987 887 687 657 274 937 975 893
229 921 763 716 879
230 304 757 314 764 538
231 833 610 867 808 686 435 794 379 637
232 537 893 649 503 957 976 413
233 390 998
234 818 685 878 434 503 722
235 515 485 467 393 685 686 719 465 627 756 949 955 860 797
236 864 933 300 395 878 304 377 766
237 547 998 590 847 786 691 735
238 833 820 982
239 583 463 338 983 894
240 615
241 592 500
242 545 488 300 626 759 829
243 627 802 315 398
244 257 962 804 297 655 821
245 866 869 262 423 898 598 412
246 997 902 521 450 912 726 664 859
247 809 714 731 574
248 674 388 294 936 746 618 522 621 983 858 699 924 650
249 327 617 333 687 688 789 343 571 764
250 577 773 982
251 612 613 518
252 416 864 266 462 784 984 601
253 612 523 973 973
254 966 905 816 337 687 572
255 961 909 441 805
256 451 776 936 371 373 665
257 544 875 496 433 503 952 414
258 739 909 589 433 984 953 895 446 575
259 840 681 426 331 271 821 604 446 543
260 641 973 530 629 281
261 960 966 871 308 982 376
262 417 721 980 534 824 734 735
263 872 848 787 501
264 864 420 710 678 807 299 271 567 696
265 861 531 533 695 349
266 664 905
267 802 360 813 303 848 623
268 641 365 621 886 633 956 894
269 352 331 315 701 871
270 937 302 471 313 700
271 646 348 788
272 834 739 299 733 627 919 445
273 355 426 867 693 734
274 898 583 910 527 558 920
275 419 454 648 532 598 567
276 808 445 358 751
277 483 303
278 968 844 620 777 702
279 435 987
280 419 502 780 650 342 666
281 962 429 827 509 382
282 928 609 804 289 661 342
283 816 593 601
284 736 610 963 455 556 467
285 312 614
286 326 558 463
287 386 837 742 680 521 354 333 333 617 568 665 863
288 547 676 678 918 985 984 484 474
289 676 709 518 747 788 670 318
290 808 617 325 838
291 768 742 880 884
292 695
293 752 963 439 777 586 592 579 820
294 577 389 361 683 852 569 453
295 417 362 299 974 442 925 415
296 561 858 353 869 311
297 642 487 950 681 749 624 497 406 791
298 673 773 652 367 689 596 924
299 709 326 391 940
300 686
301 996 552 516 501 633 474 732
302 897 915 629 859
303 458 941 304 438 312 379 382
304 522 563 659 955
305 425 587 332 653 941 882 308 823 371
306 513 739 366 889 860
307 512 812 496 632 889 635 637
308 658 786 659 631 859 892
309 900 617 971 814 816 932 667
310 536 327 383 599
311 995 714 492 976
312 326 875 894
313 901 742 495 981 891
314 773 424 687 368 629 922 894
315 385 577 526 368 411
316 423 718 597 663 757
317 680 498 854 431
318 391 363 337 926 509
319 859
320 448 746 549 359
321 676 531 884 950
322 513 620 590 784 785 565
323 421 553 653 784 703
324 682 973 335 721 542 862 501
325 385 483 679 587 462 624 981 766
326 562 981
327 512 706 443 496 347
328 384 517 731 474 348
329 359 713 589 590 561 723 571 796
330 843 333 593 754 567 351
331 804 613 560 708 476 702
332 962 405 634
333 376 838 897 395 846 823 917 888
334 625 922 757 769
335 652 398 529 820 472
336 627 408 665
337 609 995 967 520 619 365 534 855 824 793 861
338 519 713 938 942 441
339 592 864
340 967 555 849 499 657 958
341 900 595 356 381 385
342 768 801 803 935 745 686 625
343 832 450 891 484 487 648 650 908 887 763 447
344 971 950 983 827 637
345 548 797 918
346 353 867 423 419 852 606 603 924 574
347 966 463 435 981 695 570 415
348 384 513 708 392 632 986 894
349 942 975 969 890 635
350 756 499 748 829
351 421 647 584 750 885 568
352 569 931 635 646
353 996 903 718 573
354 840 814 623 890 571
355 641 579 889 635 444 542 447
356 770 484 773 442 412 381 405
357 419 996 805 360 458 584 727 543
358 864 761 495
359 577 520 631 909 751 403 403 991
360 651 479
361 654 751 851 949 510
362 832 738 579 709 809 810 853 731 445
363 875 717 813 670 504 606
364 801 938 844 976 793 586
365 935 812 649 731
366 385 770 644 513 397
367 423 466 915 534 543
368 583 754 663 670
369 544 672 899 864 813 974 571 959
370 839 393 717 654 400 636
371 448 676 817 882 372 885 728
372 971 651 725
373 930 730 923 990
374 865 610 995 481 884 382
375 386 459 824 828
376 509 749 699 861
377 673 419 676 646 807 431 951 412 415
378 824 522 844 431
379 817
380 577 995 653 661 796
381 586 530 697 964 699 477 990
382 608 551 589 560 698
383 896 717 906 747 754 525 504 596 586
384 537 765
385 864 960 557 613
386 449 453 759 748 718 751 494
387 458 566 406 407
388 941 405 733
389 972 917
390 771 580 518 908 657 696 985
391 867 431 406 535
392 427 658 818 763
393 795
394 849 818 980 505 798 767
395 576 514 523 493 894
396 899 620 522 460 783 690 809 632 507 668
397 900 613 424 756 814 726 926
398 625 665
399 776 427 424 979 693 888
400 544 451 520 823 765
401 714 620 758
402 959 701 453
403 816 834 875 612
404 577 744
405 960 609 816 977 786 820 730
406 843 429 437 982
407 710 680 760 496 552 798 918 728
408 901 582 679 523 430 529 575
409 569 834 508
410 640 889 443 667
411 672 482 862 648 528 760 789 728 793 700
412 840 779 666
413 608
414 963 828
415 563 826
416 483 548 427 782 526 542 703
417 723 728 797 926
418 916 749 558
419 517 715 590 727 828 446
420
421 801 869 897 857 643 918 858
422 780
423 459
424 653 933 518 784 497 439
425 553 842 561 633 597
426 931 772
427 899 516 774 999 783 562 691 951 794 635 730
428 640 876 783 818
429 528 464 791 959
430 964 807 904 969 623 884
431 678 647 683 573 575
432 455 559
433 544 708 518 760 727 728 733
434 867 616 597 890
435
436 975 968 911 913 500 923
437 954
438 610 731 521 701
439 674 777 619 560 904 922 831
440 706 902 659 773 956
441 512 748 850 949 479
442 993 819 980 858
443 997 455 616
444 898 493 754 931 931 820 795 991
445 461 534
446 618 981
447 934 688 990
448 617 939
449 792
450 452 723 980 954 735
451 521 967 967 725 858
452 770 786
453 706 987 518 774 532 757 634 603 734 837
454 613 498 824 997
455 896 673 949 959
456 528 514 886
457 958 458 990 511
458 900 712 824 927
459 996 824 824 505
460 592 961 683 863
461 709 657
462 674 932 975 701
463 522 668
464 762 510
465 480 609 898 897 778 812 653 604
466 768 867 476 766
467 800 578 507 559
468 955 524 947 597
469 905 970
470 608 491 709 586 619 620
471 800 490 599 908 820 759
472 996 745 986 957 799
473 867 998 777 629 726 713 923
474 715 501
475 646 909 878 503
476 743 563
477 773 905 621 635
478 816 773
479 998
480 868 755 916 949
481 867 650 530 821 732
482 832 705 613 769 780 558 913 956
483 903 972 757 726 767
484 934 520 529 916
485 802 967 650
486 897 514 614 713 706
487 649 765
488 960 609 932 837 904 907 529
489 704 741 509 606
490 707 842 623 726
491 834 588 561 947
492 657 950 519
493 608 841 650 941 756 757 697
494 522 621 817 821 702
495 961 977 561 595 604 862
496 968 878 531 596 951 952
497 705 762
498 757
499 679 573
500 840 748 632 570 539
501 992 745 719 585 986
502 545 738 964 689 592 988
503 833 643 805 902 899 856
504 609 931 900 716 890
505 803 837 838 647 535 665 703
506 552 946
507 891 674 556
508 617 848 570 990
509 960 915
510 911
511 963 582 871 909 952 667
512 514 594 531 568 956 543
513 867 871 808 817 515 728 666 958
514 871 625 889 831
515 963 775 714 558 914 730
516 527 543 732
517 713 734
518 800 973 793
519 996 844 696 735 991
520 897 783 968 626 983
521 768 619 828
522 864 867 891 653 817 723
523 832 546 836 557 813 700
524 908 589 590 566 989
525 846 613 870 622 885 541
526 870
527 609 774
528 576 652 753 857 889 571
529 791 698
530 655 667 796
531 781 698 915 862
532 844 593 894 927
533 791 985 859
534 784 849 991 702 799
535 707 810 622 759 891 926
536 642
537 783 854 664 954 603
538 768 852 759
539 618 689 984
540 930 621 741
541 899 805 558 562
542
543 905 692 630
544 897 903 562 979
545 937 554 946
546 579 565 699
547 603 645 656 595 827
548 869 988 944 668
549 967
550 623 596 822
551 641 706 679 585 811 787
552 577 612 908 622 755
553 868 741 855
554 962
555 674 966 656 947 758 724 828
556 856 905
557 608 741 973 911 976 755 825 926
558 800 704 715 866 915
559 901 915 724 798
560 651 788
561 834 817 810 754 821 951 922
562 706 582 620 633 798
563 837 637 701 763 989
564 992 968 914 863 733
565 935 810 814 796
566 816 705
567 769 579 664
568 641 750 786 630
569 792 735
570 615
571 976 601 574
572 746
573 995 613 625 652 620 817 950 952 829
574 588 655 925
575
576 752 865 618 780 927
577 859 951 958
578 582 753 734
579 710 742 716 851
580 802 812
581 977 675 860 679
582 741 652 851 665
583 715 973 882 666
584 930 972 849 696
585 775 686 879 888 698 853
586 674 902 619 671
587 819
588 973 719 699 797
589 966
590 785
591 810 659
592 674 834 975 765 605 703
593 804 809 661 682 990 629
594 912 825
595 704 662 695 702
596 805 947 981
597 840 971
598 741 904 664 923 925
599 961 720 895
600 612 997
601 812 885
602 801
603 609 903 843 816 817 856
604 907 909
605 890
606 932 810 727 989 958
607 986
608 977 839
609 802 867 873 747
610 901 620 812 698
611 970 956 863
612 896 741 666
613 784 935 872 944 629 911 829 865
614 803 690
615 679 887
616 774 968 828
617 782 912
618 708 853
619 726 645
620 774
621 772 694 900
622 905 915 659 985 894
623 877 731 732
624 771 879 888 634 735
625 837 686 954 892
626 973 690 830
627 869 888 731
628 906 926 855
629 861
630 899 646 653
631 909 665 980
632 802 681 882 757 633
633 903 952 953 830
634 868 984 773
635 893 939 981 823
636 993 932 967 816 795 925
637 900
638 913 683 996
639 845 950 902
640 679 751
641 711 779 780 973 972
642 907 661 694
643 998 746 978 911
644 903
645 680 726
646 859
647 716 717 892
648 875
649 662 838 807 687 918 889
650 998 817 810 985
651 776 923
652 705 881 921
653 683
654 882 775
655 876 877
656 874 876 751 697
657 814 975 916
658 922 781
659 804 933 855
660 780
661 835 804 860 938 875 950 991 730 863
662 971 971
663 839 776 873 683 699
664
665 673 931
666 672
667 686 795
668 989
669 784 907 923 791
670 705 908 685 881
671 834 786 826 988
672 897
673 898 772 911
674 995 777 879 713
675 747 754 978 883 859 861
676 741 853
677 833 998 815
678
679 957 982 701
680 782
681 682 835 921 765
682 938 986 890 765 734
683 695
684
685
686 929 934 943 830
687
688 994 976 799
689 773
690 801 866 803 786
691 937 721 863
692 867 848 995 894
693 772 892 701
694 873 798
695 905 925
696 971 821
697 996 715 813 978 987
698 946 823 729
699 770 963 786 863
700 980
701 992 751
702 867 849 855 765
703 816 802 715 812 916 957
704 806 999 942
705 982 870 783
706 867 712 809 816 744
707 736
708 879
709
710 736 833
711 932
712 878
713 784 795 829
714
715 969 785 894 958
716 949
717 942 725 790 823 985
718 778 940
719 805 902 812 755
720 961 822
721 926
722 902
723 997
724 883
725 895
726 833 803 772
727
728 878 894 829
729 900
730 935
731 909
732
733 806 790 759 857
734 745 771 742 767 798
735 859
736 937 822
737 913 982 959
738
739 816
740 802 855
741 977 796
742 929 837 950
743 804 757 856 985 991
744 928 754
745 887 956
746 746 748
747 977 854
748
749 872 823
750 955
751 770
752 766
753 809 855
754 854
755 940 789
756 992
757
758 943 944 760 954
759 827 959
760 814 762 829 927
761 875 853 958
762 832 974
763 943
764
765 878 913 794
766 791
767 770 777 889
768 960 992 964 830
769 843 980
770 818 821
771 837 844 934
772 947 788 825
773 989
774 779 848 849
775 874 978 990
776 909 862
777 910 949
778 835 977 791 798
779 848 923
780 937 812 973 973 781 933 869
781 897 797
782 964 860 784 850 822 957
783 939
784
785 984
786 928 997
787 972 955
788 851
789
790 851
791 962 794
792
793
794
795 843 823
796 998 874
797 934 903
798 880 915
799 960 927
800 810 872
801 896 834 977 886
802 976 923 893 830
803 887 883
804 841
805 998 858
806 918 887 859
807 841 913 952
808
809 962
810 953
811 964 882 880 850
812 969 877
813 983
814 841
815 909 921
816 823
817 961 968 834
818 832 878 895
819
820 970 852
821 903 858 894
822 932 919 921
823 838
824 832 836 880
825 931 935
826 946 891
827 841 848 835 955
828 959
829 941
830
831 931 967 875 876 946
832 972 912 955
833 963
834 903 953 874
835 965 845 847
836 909 850 927
837 981
838
839 845 882
840
841 896
842 915
843 919
844
845 897 852
846 984
847 947 956
848 988 895
849
850
851
852 964 871 877 862
853
854 897
855
856 994
857
858 875 974 954
859 984
860 965
861 875
862 976 880 988
863
864
865
866 929 914 918 890
867 900
868
869
870 926
871
872 877
873
874 953 957
875 982 990
876 994
877 970 882
878 934
879
880 964
881
882 895
883 930
884
885 927
886 957
887
888 930 906
889 904 923
890 948 920 988
891 906 943
892 914 918
893
894
895 955
896 926 991
897 963
898
899 916
900
901 997
902 961 967
903 960 911 970
904
905 951
906
907
908 984
909
910 971 931
911 977
912
913 963
914
915
916
917
918 934
919
920
921
922 993
923 943 975
924 925
925
926 936
927 982
928 978 974
929
930
931 993
932
933
934 955
935
936 974
937 960 970 953
938 979
939
940
941
942
943
944
945
946 965 950 987 988
947
948
949
950
951 970
952 965
953
954
955 999
956 960 975
957
958
959 976
960
961
962
963
964
965
966
967
968
969
970
971
972 973
973
974
975
976
977
978
979
980
981
982
983
984
985
986
987
988
989
990
991
992
993
994
995
996
997
998
999
