#
# GMT Tue Jan 14 18:08:07 2020
# configuration_model 500 nodes 2008 edges
0 227 7 232 426 107 214 376 474 59 156 266 159
1 64 402 60 469 71
2 455 170 183 398 336 471 121 28 446
3 353 354 354 164 356 454 360 332 77 81 309 118 311 420 28
4 195 452 389 360 394 112 149 283 380
5 161 433 10 81 250 91 222 95
6 163 37 326 266 172 19 85 120
7 321 419 68 485 299 13 238 21 120 410
8 481 387 364 206 36
9 195 46 495 496 437 54 440 313 26 124 346 309
10 35 492 235 396 52 117
11 322 326 39 106 13 400 401 243 473 286
12 64 193 489 109 365 51 180 150 122 63
13 352 451 143 113 498 83 85 439
14 64 423 73 127 399 57 123 223
15 328 360 218 147 177
16 37 465 60 397 124 278 409 252
17 416 99 369 158 440 29 286
18 386 36 293 330 119 89 474
19 346 476 413 231
20 129 196 261 264 361 141 88
21 232 335 279 250 63
22 50 484 293 390 199 491 172 397 242 245
23 198 426 496 249 138 62
24 393 423
25 416 450 390 169 44 237 367 180 149 473
26 160 128 347 302 367 248 345 379
27 361 77 176 306 118 87 157
28 388 202 428 205 398 53
29 257 418 389 353 226 290 111 340 182 220
30 389 294 236 368 311 281 347 30 133
31 167 39 48 277 246 91 284
32 90 354 396 253 317
33 162 132 491 174 463 217
34 129 107 174 495 464 337 468
35 345 115
36 384 421 170 140 334 439 441
37 304 355 299 274 462 303 402 308 405 89 441
38 70 49 458 141 110 111 433 211 62 377 222
39 167 333 494 237 174 246 397
40 481 98 296 137 361 440 378 91 156
41 417 230 454 487 298 298 110 496 277 312 351
42 420 268 434 214 185 155 190
43 224 257 486 64 361 436 471 473 186 61
44 335 341 479
45 289 450 483 134 103 328 395 270 47 410
46 104 461 120 92 286 479
47 132 495 196 474 315 348
48 485 198 490 334 435 184 287 134
49 485 199 331 305 372
50 96 168 203 430 253 80 337 270 57 249 90 413 104
51 257 323 233 433 310 123 444
52 73 114 423
53 376 200 268 270 305 374 408
54 128 196 221 149 152 335 381
55 356 150 235 368 310 156
56 112 370 349 406
57 456 393 202 107 269 465 180 120 153
58 420 141 337 274 341 86 347 380
59 321 194 133 422 426 340 381
60 224 258 131 168 310 478
61 387 388 457 114 467 342 88 186
62 417 161
63 193 479 411 220 125 351
64 384 354 425 169 151 155
65 224 266 331 204 337 344 281 159
66 320 97 393 330 238 208 470
67 480 419 293 134 423 270 371 446 472 254
68 272 219 126 343
69 320 163 489 173 272 243 471 280 283
70 226 294 179 310 407 474
71 227 324 357 138 76 181 412 125
72 224 449 231 73 107 410 188
73 257 485 350 319
74 259 379 381
75 194 227 292 358 158 214 317 446
76 451 420 365 398 499 254
77 192 129 355 324 161 304 417 434 441
78 99 101 206 431 307 479
79 133 326 424 400 440 155
80 128 97 356 232 492 143 368 243
81 194 236 205 269 99 376 156 479
82 256 100 459 110 240 345
83 292 166 233 202 460 196
84 291 389 170 205 466 339 88 122 187 90 197
85 417 389 263 392 330 204 495 401 213
86 192 292 421 337 380
87 112 386 386 133 449 136 322 398 304 247
88 290 334 179 287
89 448 487 295 143 177
90 354 101 426 399 342 410
91 198 298 134
92 336 194 267
93 417 229 102 102 363 181 285
94 420 214 361 111 118 220 158
95 384 289 200 399 496 306 476
96 483 174 239 245 250
97 302 126 471
98 194 487 176 241 244 319
99 256 162 157 367 251 253
100 208 496 216 313 223
101 485 407 284 479
102 417 388 326 455 279 186
103 457 214 279
104 161 260 423 295 430 405
105 227 260 197 203 109 334 339 437 312 318 405
106 348 301 496 216 156
107 486 301 463
108 257 194 269 351
109 292 267 301 153
110 449 388 321 462 239 176 222
111 198 299 274 441
112 320 130 423 456 267 428 397 464 370 342 135
113 359 459 305 249 127
114 171 180 471 344 122
115 209 294
116 424 462 305 310 412 382
117 194 227 166 363 332 118 283 221
118 421 302 336 286 119 485
119 133 365 302 251 382
120 256 137 209 180 438 123 351
121 235 485 422 423 139 372
122 336 324 368 344 253 447
123 261 362 463 433 309 155
124 359
125 352 162 490 238 304 254
126 215 239 210 151 156 381
127 337 332 269 400 179
128 352 353 454 305 277 281 189
129 288 251 389 462 178 163 155 443
130 482 388 167 328 359 204 301 312 249 378
131 397 244 215 478 223
132 451 170 148 474 251
133 193 267 152 350
134 260 267 347
135 225 324 488 266 398 211 312 452 347
136 473 199 412 262
137 203 253 247
138 194 145 268 364 173 177
139 288 356 356 168 205 312 187
140 304 168 425 183 381 368 247 442 413
141 427 209 310 247 184
142 299 196 165 198 327 459 428 399 203 412 478
143 418 198 328 233 471 364 272 212 407
144 264 350 150
145 452 300 429 183
146 160 225 203 276 285
147 256 352 176 375 441 314
148 230 440 308 373 183 312 312 191
149 154 427
150 352 336 291 234 301 410
151 384 489 493 463 274 382 444 188
152 417 310 337 424 300 237 400 369 211 442
153 346 498 319
154 384 389 457 299 268 311
155 388 199 425 334 209 212
156 419 444 383
157 320 164 231 348 349
158 225 260 493 334 278
159 389 295 205 402 467 181 377 188 349
160 289 420 167 169 492 274 179 425 280 218 286
161 358 461 462 400 273 476 351
162 493 477 371 374
163 392 362 178 402 381
164 170 452 438
165 257 484 485 456 457 299 173 467 436
166 484 206
167 228 390 168 240 370 344 444
168 290 451 238 183 187 349
169 354 452 360 258 212 309
170 448 426 246 471 313
171 224 431 186 444 378 190
172 257 395 396 472 349 479
173 389 294 336 372 277 412
174 194 454 326 177 176 465 342 311
175 354 294 262 361 271 400 434 279 443
176 261 360 468
177 358 372 190 382
178 389 359 267 211 442 229
179 482 362 274
180 451 420 293 295 203 310 349
181 353 297 225 442 369 439 412 347 231
182 262 391 337 401 211 282 479
183 364 365
184 272 419 392 430 414 312 222
185 354 268 494 272 274 342 346 362 382
186 208 391 272 309 280 284 318
187 289 455 205 335 496 481 247
188 454 358 297 306 244 312
189 292 422 492 248 251
190 204 467 434 307 313 190 447
191 354 398 273 206 372 413
192 228 492 365 499
193 484 498 251 380 380
194 353 451 324 264 397 275 343
195 324 408 411 223
196 259 373 468 314 367 415
197 387 486 359 432 274 468 438 444
198 481 481 322 453 487 494 499 216 473
199 288 341 219
200 482 388 234 427 461 269
201 296 258 351 415
202 480 353 459 300 429
203 393 462 477 382
204 353 324 210 300 333 242 246 347
205 386 358 462 368 339 245 212 219
206 294 492 240 307 390 415
207 435 484 301
208 268 391
209 327 296 427 271 281
210 272 324 449 449 425 494 367 368 471 292
211 316
212 227 379 371
213 480 340 223
214 449 291 292 363 445 255
215 393 364 297 410 412 287
216 455 297 493 496 374
217 383 279
218 417 238 403 249 379 476
219 257 312 228 317
220 288 487 428 246 313
221 360 361 334 271 337 478
222 320 417 361 268 397 240 283
223 448 482 283
224 452 436
225 357 432 499 408 245
226 267 349
227 324 316
228 482 387 496 337 282
229 466 492 418
230 448 258 425 372
231 485 425 339 492 344 410 351
232 449 453 425 330 299 396 493 370 437
233 289 491 342 247
234 266 253 286 319
235 327 331 344 444
236 459 465 363 299 316
237 384 456 361 492 314
238 399 403 246
239 452 456 458 412
240 438 310 423 401 446 278
241 481 292 358 458 366 335 403 351
242 266
243 392 284 476 414
244 448 425 298 269 468 251
245 376
246 347
247 258 365 438 415
248 419 454 461 493 469
249 273 418 429
250 385 466 466 436 383
251 330 302 381
252 280 291 291 412 372
253 260 264 427 396 377 282 413 382 351
254 390 341 351
255 302
256 359 403 498 378 284 413
257 458 461 336
258 320 419 397
259 264 329 431 400 400 342 439
260 404 297
261 299
262 324 435 345
263 264 451 317
264 366 346
265 267 427
266 453 471 458
267 481 386 336 379
268 433 379
269 288 491 379 479
270 340
271 391 333 341 380
272 490 332 365 470 441
273 416 453 445
274 449 279
275 400 340 309 377 286
276 352 294
277 447
278 423 299 368
279 394
280 427 307 441 347
281 457 299 341
282 386 398 373 440
283 395 437 383
284
285 387 454 369 337 378 410
286 482
287 449 419 470
288 337 436
289 449 387 407
290 394 438 348
291 306 494 333 466 403
292 428 334 303
293 425 338 496 375 351
294 418 497 406 440 316 479
295 321 338
296 300 430
297 385 376 475
298 364 333 436 477
299 455 328 370 439
300
301 356 302 450 436 319
302 448 337 380
303 349
304 396 468 378 475
305 324 358 475
306 372
307 331 396 314
308 484 379 340
309 406 340 374
310 404
311 416 487 342 349
312 330 370
313 321 357 432 414
314 333
315 377 455 341
316 326 392 371 346 317 459
317 485 366 335 467 477
318 328 425 401 318
319 331 482 493 437 470
320 389 354 429
321 485 383
322 480 366 370
323 456 349
324 428 494 412 477
325 344 464 483 342 401
326 499 471 443
327 373 475
328
329 397 391
330 489 382
331 342 438
332 356 343 408
333 480 459 466 404
334 416 386 356 433 475
335 410 351
336 428 433
337 353 441 411
338 488 457
339 451 342 442
340 365 404
341 364 455 429 471
342 367 475
343 349 399
344 351
345 460
346 385 369 405 405 447
347 424 460 432
348 384 364 429 381 370 435 374 472
349 450 393 402
350 488 434
351 458 430 380
352 399 469 379
353 420 423 380
354 488
355 422
356 432 494 442
357 395
358 430
359 416 482 428
360 449 362 445
361 425
362 385 489 462
363 466 440
364 493 369
365 421 470 478
366 489 431
367 468
368 391 490 478
369 418 396 475 445
370 487
371 389 469 373
372 385 456 394 408
373 424 425 391 378 474
374 402 472 472
375 448 391
376 452 456
377
378 417 484 436
379 465 441
380 410
381
382 485 390 459 471
383 448 437
384 385
385 470 441 415
386 443
387 387 414
388 388 490 466
389 395 414
390 410 415
391 472
392 394 401
393 417
394 458
395 461 421
396
397
398
399
400 444
401 401 485 453
402 463
403 440
404 475 478
405 423
406 468
407 426
408 471
409 453
410
411 489
412 444
413 422 460 457
414 417
415
416 424
417 492 496 466
418
419 420 421 438
420 472
421 458 464
422 456
423
424 455 440
425 477
426 458
427 491 479
428
429 488
430 494 471
431 496
432 450
433 481
434 486 441
435
436 459 440
437
438 472 439 447
439 470
440 465
441 451
442
443 498 499
444 455
445 451
446
447 461
448 463
449 453
450 487 475
451
452
453
454
455 481 471
456 469
457
458 460
459 483 470 470
460
461
462 497
463 489
464 466
465 480
466
467
468 497
469
470
471
472 494
473
474
475
476
477 484
478 485
479
480
481 499
482
483
484 489
485
486
487
488
489
490
491
492
493
494
495
496
497
498
499
